116->116: 1	 116
116->210: 6	 111,112,113,114,115,116
116->224: 20	 224,223,222,221,220,219,218,217,216,215,214,604,605,606,522,521,520,519,518,116
116->321: 12	 321,320,319,318,317,316,315,521,520,519,518,116
116->410: 16	 410,409,408,407,406,320,319,318,317,316,315,521,520,519,518,116
116->505: 15	 505,506,507,508,509,510,511,512,513,514,515,516,517,518,116
116->506: 14	 506,507,508,509,510,511,512,513,514,515,516,517,518,116
116->605: 8	 605,606,522,521,520,519,518,116
116->606: 6	 522,521,520,519,518,116
116->607: 8	 607,606,522,521,520,519,518,116
210->116: 6	 518,517,516,515,209,210
210->210: 1	 210
210->224: 15	 224,223,222,221,220,219,218,217,216,215,214,213,212,211,210
210->321: 14	 321,320,319,318,317,316,315,314,313,312,113,112,111,210
210->410: 18	 410,409,408,407,406,320,319,318,317,316,315,314,313,312,113,112,111,210
210->505: 13	 505,506,507,508,509,510,511,512,513,514,515,209,210
210->506: 12	 506,507,508,509,510,511,512,513,514,515,209,210
210->605: 7	 605,604,214,213,212,211,210
210->606: 8	 606,605,604,214,213,212,211,210
210->607: 9	 607,606,605,604,214,213,212,211,210
224->116: 19	 518,519,520,521,522,606,605,604,214,215,216,217,218,219,220,221,222,223,224
224->210: 15	 210,211,212,213,214,215,216,217,218,219,220,221,222,223,224
224->224: 1	 224
224->321: 19	 321,320,406,407,408,409,410,411,412,413,496,495,494,493,492,491,222,223,224
224->410: 13	 410,411,412,413,496,495,494,493,492,491,222,223,224
224->505: 27	 505,506,507,508,509,510,511,512,513,514,515,209,210,211,212,213,214,215,216,217,218,219,220,221,222,223,224
224->506: 26	 506,507,508,509,510,511,512,513,514,515,209,210,211,212,213,214,215,216,217,218,219,220,221,222,223,224
224->605: 13	 605,604,214,215,216,217,218,219,220,221,222,223,224
224->606: 14	 606,605,604,214,215,216,217,218,219,220,221,222,223,224
224->607: 15	 607,606,605,604,214,215,216,217,218,219,220,221,222,223,224
321->116: 11	 518,519,520,521,315,316,317,318,319,320,321
321->210: 13	 111,112,113,312,313,314,315,316,317,318,319,320,321
321->224: 19	 224,223,222,491,492,493,494,495,496,413,412,411,410,409,408,407,406,320,321
321->321: 1	 321
321->410: 7	 410,409,408,407,406,320,321
321->505: 23	 505,506,507,508,509,510,511,512,513,514,515,516,311,312,313,314,315,316,317,318,319,320,321
321->506: 22	 506,507,508,509,510,511,512,513,514,515,516,311,312,313,314,315,316,317,318,319,320,321
321->605: 9	 605,606,607,608,317,318,319,320,321
321->606: 8	 606,607,608,317,318,319,320,321
321->607: 7	 607,608,317,318,319,320,321
410->116: 15	 518,519,520,521,315,316,317,318,319,320,406,407,408,409,410
410->210: 17	 111,112,113,312,313,314,315,316,317,318,319,320,406,407,408,409,410
410->224: 13	 224,223,222,491,492,493,494,495,496,413,412,411,410
410->321: 7	 321,320,406,407,408,409,410
410->410: 1	 410
410->505: 27	 505,506,507,508,509,510,511,512,513,514,515,516,311,312,313,314,315,316,317,318,319,320,406,407,408,409,410
410->506: 26	 506,507,508,509,510,511,512,513,514,515,516,311,312,313,314,315,316,317,318,319,320,406,407,408,409,410
410->605: 13	 605,606,607,608,317,318,319,320,406,407,408,409,410
410->606: 12	 606,607,608,317,318,319,320,406,407,408,409,410
410->607: 11	 607,608,317,318,319,320,406,407,408,409,410
505->116: 14	 518,517,516,515,514,513,512,511,510,509,508,507,506,505
505->210: 13	 210,209,515,514,513,512,511,510,509,508,507,506,505
505->224: 27	 224,223,222,221,220,219,218,217,216,215,214,213,212,211,210,209,515,514,513,512,511,510,509,508,507,506,505
505->321: 23	 321,320,319,318,317,316,315,314,313,312,311,516,515,514,513,512,511,510,509,508,507,506,505
505->410: 27	 410,409,408,407,406,320,319,318,317,316,315,314,313,312,311,516,515,514,513,512,511,510,509,508,507,506,505
505->505: 1	 505
505->506: 2	 506,505
505->605: 19	 605,604,214,213,212,211,210,209,515,514,513,512,511,510,509,508,507,506,505
505->606: 18	 522,521,520,519,518,517,516,515,514,513,512,511,510,509,508,507,506,505
505->607: 20	 607,606,522,521,520,519,518,517,516,515,514,513,512,511,510,509,508,507,506,505
506->116: 13	 518,517,516,515,514,513,512,511,510,509,508,507,506
506->210: 12	 210,209,515,514,513,512,511,510,509,508,507,506
506->224: 26	 224,223,222,221,220,219,218,217,216,215,214,213,212,211,210,209,515,514,513,512,511,510,509,508,507,506
506->321: 22	 321,320,319,318,317,316,315,314,313,312,311,516,515,514,513,512,511,510,509,508,507,506
506->410: 26	 410,409,408,407,406,320,319,318,317,316,315,314,313,312,311,516,515,514,513,512,511,510,509,508,507,506
506->505: 2	 505,506
506->506: 1	 506
506->605: 18	 605,604,214,213,212,211,210,209,515,514,513,512,511,510,509,508,507,506
506->606: 17	 522,521,520,519,518,517,516,515,514,513,512,511,510,509,508,507,506
506->607: 19	 607,606,522,521,520,519,518,517,516,515,514,513,512,511,510,509,508,507,506
605->116: 7	 518,519,520,521,522,606,605
605->210: 7	 210,211,212,213,214,604,605
605->224: 13	 224,223,222,221,220,219,218,217,216,215,214,604,605
605->321: 9	 321,320,319,318,317,608,607,606,605
605->410: 13	 410,409,408,407,406,320,319,318,317,608,607,606,605
605->505: 19	 505,506,507,508,509,510,511,512,513,514,515,209,210,211,212,213,214,604,605
605->506: 18	 506,507,508,509,510,511,512,513,514,515,209,210,211,212,213,214,604,605
605->605: 1	 605
605->606: 2	 606,605
605->607: 3	 607,606,605
606->116: 6	 518,519,520,521,522,606
606->210: 8	 210,211,212,213,214,604,605,606
606->224: 14	 224,223,222,221,220,219,218,217,216,215,214,604,605,606
606->321: 8	 321,320,319,318,317,608,607,606
606->410: 12	 410,409,408,407,406,320,319,318,317,608,607,606
606->505: 19	 505,506,507,508,509,510,511,512,513,514,515,516,517,518,519,520,521,522,606
606->506: 18	 506,507,508,509,510,511,512,513,514,515,516,517,518,519,520,521,522,606
606->605: 2	 605,606
606->606: 1	 606
606->607: 2	 607,606
607->116: 7	 518,519,520,521,522,606,607
607->210: 9	 210,211,212,213,214,604,605,606,607
607->224: 15	 224,223,222,221,220,219,218,217,216,215,214,604,605,606,607
607->321: 7	 321,320,319,318,317,608,607
607->410: 11	 410,409,408,407,406,320,319,318,317,608,607
607->505: 20	 505,506,507,508,509,510,511,512,513,514,515,516,517,518,519,520,521,522,606,607
607->506: 19	 506,507,508,509,510,511,512,513,514,515,516,517,518,519,520,521,522,606,607
607->605: 3	 605,606,607
607->606: 2	 606,607
607->607: 1	 607
